3,1
3,3
10,234
10,282
10,86
10,170
10,248
255,6
255,5
255,4
255,3
255,2
10,150
255,1
255,0
254,4
254,3
254,2
10,100
254,1
254,0
253,3
253,2
10,28
10,2
10,3
253,1
253,0
252,3
252,2
252,1
252,0
180,106
180,105
180,104
180,103
180,102
180,101
11,7
11,27
11,8
11,2
11,3
180,100
180,99
180,98
180,97
180,96
180,95
180,94
180,93
9,7
9,2
9,3
180,92
180,91
180,90
180,89
180,88
180,87
180,86
180,85
8,8
8,18
180,84
180,83
180,82
180,81
180,80
180,79
180,78
180,77
8,16
8,2
8,3
0,389
180,76
180,75
180,74
180,73
180,72
180,71
180,70
180,69
180,68
180,67
180,66
180,65
180,64
180,62
180,61
180,60
180,59
180,58
180,57
180,56
180,55
180,54
180,53
180,52
180,51
180,50
180,49
180,48
180,47
180,46
180,1
20,3
20,2
20,1
19,2
19,3
19,1
12,3
12,2
12,1
11,25
11,24
11,22
11,20
11,16
11,15
11,14
11,12
11,10
11,1
11,6
